// Start Time: Unknown
// Update Rate: 100.0Hz
// Filter Profile: human (34.3)
// Firmware Version: 2.1.4
PacketCounter	SampleTimeFine	Acc_X	Acc_Y	Acc_Z	Gyr_X	Gyr_Y	Gyr_Z	VelInc_X	VelInc_Y	VelInc_Z	OriInc_q0	OriInc_q1	OriInc_q2	OriInc_q3	
57395	    0	14.468762	-1.959936	-4.861972	-1.088530	0.269319	-0.299074	0.144592	-0.020081	-0.048706	0.999983	-0.005443	0.001347	-0.001495	
57396	    0	13.168336	-4.834427	-6.039320	-0.835803	0.169564	-0.150681	0.131596	-0.048696	-0.060302	0.999990	-0.004179	0.000848	-0.000753	
57397	    0	12.703596	-4.966360	-5.186894	-0.563050	0.142098	-0.184632	0.126953	-0.049927	-0.051819	0.999995	-0.002815	0.000710	-0.000923	
57398	    0	12.158524	0.094989	-4.957846	-0.212670	-0.015068	-0.446702	0.121591	0.000626	-0.049570	0.999996	-0.001063	-0.000075	-0.002234	
57399	    0	10.909746	6.233311	-6.283789	-0.243379	-0.086022	-1.006322	0.109436	0.061707	-0.062866	0.999986	-0.001217	-0.000430	-0.005032	
57400	    0	12.469487	15.060579	-7.759288	-0.632679	-0.014115	-1.985204	0.126185	0.149112	-0.078057	0.999946	-0.003163	-0.000071	-0.009926	
57401	    0	15.480081	19.589992	-9.792260	-1.344933	0.021363	-3.016800	0.157715	0.192871	-0.099243	0.999863	-0.006724	0.000107	-0.015083	
57402	    0	16.714927	12.682269	-5.948134	-2.163462	0.310538	-3.402942	0.169173	0.123301	-0.061090	0.999795	-0.010817	0.001553	-0.017014	
57403	    0	17.189573	6.054145	-2.831774	-2.375795	0.404391	-3.696742	0.172913	0.057007	-0.029358	0.999756	-0.011878	0.002022	-0.018482	
