// Start Time: Unknown
// Update Rate: 100.0Hz
// Filter Profile: human (34.3)
// Firmware Version: 2.1.4
PacketCounter	SampleTimeFine	Acc_X	Acc_Y	Acc_Z	Gyr_X	Gyr_Y	Gyr_Z	VelInc_X	VelInc_Y	VelInc_Z	OriInc_q0	OriInc_q1	OriInc_q2	OriInc_q3	
57395	    0	11.338221	-4.826110	-2.858043	-0.292213	0.531209	-2.334651	0.112732	-0.049622	-0.028809	0.999927	-0.001461	0.002656	-0.011673	
57396	    0	10.433842	-5.841242	-3.243068	-0.216298	0.314147	-2.172705	0.103644	-0.059576	-0.032530	0.999939	-0.001081	0.001571	-0.010863	
57397	    0	9.533631	-6.444917	-3.583280	-0.134852	0.081636	-2.015720	0.094666	-0.065430	-0.035828	0.999949	-0.000674	0.000408	-0.010078	
57398	    0	8.399790	-6.102157	-2.464701	0.004578	0.064469	-1.803804	0.083435	-0.061775	-0.024675	0.999959	0.000023	0.000322	-0.009019	
57399	    0	7.288645	-5.964912	-1.435152	-0.109674	0.067902	-1.442731	0.072449	-0.060181	-0.014343	0.999973	-0.000548	0.000340	-0.007214	
57400	    0	6.714733	-7.235932	-0.965223	-0.441553	0.014114	-0.965314	0.066796	-0.072703	-0.009497	0.999986	-0.002208	0.000071	-0.004827	
57401	    0	7.025152	-9.339741	-1.322094	-0.720980	-0.015068	-0.524141	0.070007	-0.093628	-0.012878	0.999990	-0.003605	-0.000075	-0.002621	
57402	    0	7.332086	-8.465232	-2.183193	-0.734522	-0.060082	-0.164986	0.073257	-0.084792	-0.021499	0.999992	-0.003673	-0.000300	-0.000825	
57403	    0	7.184378	-5.827993	-3.162839	-0.708009	-0.138665	0.115967	0.071899	-0.058350	-0.031372	0.999993	-0.003540	-0.000693	0.000580	
